.Random.seed <-
c(403L, 10L, 928456288L, -176178013L, 184719297L, 1192567728L, 
986793678L, 1980109881L, 1207003723L, -1060028422L, -321987844L, 
-891064513L, -1048510443L, 2115638060L, -943769598L, -702938403L, 
318794199L, -1871338306L, -60809480L, 2051493083L, 1948864313L, 
1906895496L, 544722486L, -1363558799L, 1323834531L, 1387599346L, 
926094660L, -1608722937L, 288674781L, 1227930836L, 1162044410L, 
72454981L, -1652455521L, 1463782694L, -410397264L, -2112893357L, 
-2006644367L, -1218551648L, 1805660222L, -1474996407L, -1512882693L, 
1345905098L, -83357908L, 930836271L, -2018288155L, -453844836L, 
1407862002L, -433078931L, -869234009L, -1700584242L, 845744680L, 
-1430595029L, -1810124727L, -2039778984L, 394012678L, 200497633L, 
-654531725L, -2079672350L, -2041176236L, -1742220713L, -440483251L, 
-2128992796L, 976486346L, -445529547L, -2112239473L, -146130538L, 
-514652864L, 1253169155L, -1395471839L, 1647185168L, -381320466L, 
-668279143L, -253796565L, -1149199846L, -781727524L, -1195572001L, 
1299972789L, -2044423092L, 1650649250L, -508319747L, -103623433L, 
2090058270L, 149191896L, -2136129477L, 1671023065L, 15052648L, 
-1678957930L, 1991748625L, -1636041277L, -1969765934L, -295991196L, 
348137383L, 1724918013L, -503186188L, 627792858L, 1461350181L, 
1091024447L, -696140346L, 814864976L, -425863565L, -1856480623L, 
1813914304L, 62047390L, -1561810839L, -1807973221L, 469777834L, 
-717034036L, -2018475889L, -1793261371L, -1337937796L, -306279214L, 
-1764514739L, 183383303L, 2112248046L, -515442232L, -1193042229L, 
616042281L, -1332209800L, 901786790L, 487014081L, -232786093L, 
1575941122L, -297447116L, -1659258185L, -1418484051L, -1681053756L, 
-1714941974L, -496316331L, 600976879L, 1346385398L, 80827168L, 
1397918947L, -2025109119L, -139837456L, -1328767346L, 1618010617L, 
956689291L, 1616619450L, -1370577220L, 62471679L, -286180523L, 
1003859052L, 2120435906L, -923018467L, 382521751L, 19499262L, 
1061165752L, -695049061L, -1025957127L, 213541960L, 957925238L, 
1253147313L, 1905447651L, -2099113550L, -1142611452L, 428890439L, 
-1663638499L, -2007836012L, -1638477254L, 414440581L, 666419551L, 
572936678L, -211992464L, 373572499L, 1294730289L, 2097810144L, 
60492670L, -616185335L, 7375419L, 525620234L, 2088709100L, -1859403665L, 
888168357L, 792536924L, 700820274L, 1087803949L, -80445209L, 
552579598L, -2122788888L, 1599009259L, -1791425911L, 224246296L, 
-1452003002L, 1630535585L, 1121841715L, 676204450L, -697283948L, 
-629800681L, 1791778573L, -913517020L, 1912798730L, -546568331L, 
439096015L, 35710422L, 1674766720L, -2011471421L, -1836796063L, 
2058079696L, 1766833454L, -1010594599L, 1965115115L, 1664148314L, 
-1397492452L, 613909535L, -326842251L, 442193164L, 354711778L, 
-921407043L, -1371179465L, -348377890L, -321210344L, -1029527685L, 
1983899417L, -1972798552L, 776285014L, 1061841L, 1247696771L, 
-1990491630L, -972466780L, 1240846695L, 170229437L, -413546956L, 
-1944470118L, 2032355813L, -1248594561L, 556432646L, -1379178864L, 
-1878921421L, -1919144751L, 101296316L, 1653249616L, 924299234L, 
-1226364824L, 1033887820L, -1845537540L, 1727559666L, 1364311296L, 
-586197644L, 674891784L, -1486343238L, -752884272L, -420786196L, 
2109451668L, 1419712978L, 706535776L, -8135860L, -1754494688L, 
1985308546L, -593934616L, 1955000556L, 864774204L, 241438578L, 
-347873680L, 609819684L, 1322714936L, 612013210L, -1599298864L, 
1737476284L, -1333487980L, -330580350L, -1832646464L, -634986692L, 
138932368L, -933186014L, 552778760L, 1409572108L, 1282743452L, 
-653774318L, -502021248L, -1752467948L, -1512819160L, -1046635206L, 
1776326096L, 1759932524L, 1664558388L, -4898158L, 1445631840L, 
981929804L, 1911951328L, -1159672926L, 1073474472L, 1766955404L, 
-1663122244L, -1133825678L, 214495472L, -2084749244L, 292654424L, 
-71638470L, 1199153008L, 414936124L, 1454279444L, -2101717566L, 
17585888L, -495111300L, -1991830832L, -388754270L, -1972803544L, 
-906557172L, 181670844L, -434354894L, 505414080L, -692522444L, 
2131904456L, 1255924922L, 287103376L, 1970643436L, 219659860L, 
-796398446L, -2145699040L, 1572430284L, 716946912L, 631811778L, 
-2029260760L, -212509012L, -637833028L, -993733134L, 466738480L, 
-1079573340L, -1964318024L, 176404826L, 1978749328L, 1451659132L, 
-1275631340L, 1932242754L, 194105088L, 2069488572L, 1806056272L, 
-138621150L, -1555143352L, 580371980L, 1438015580L, -1401833262L, 
-80120320L, -2046674604L, 351651304L, -1094867974L, 308538576L, 
-467715796L, 761378548L, 653784466L, -1156243360L, -816057076L, 
306578144L, 2102519138L, 571591336L, 66957900L, -1420055172L, 
-40820430L, -2008818576L, -1941126332L, 1419311576L, -1728365446L, 
231898672L, -270507332L, 572558164L, 800948290L, -945530464L, 
1404585660L, -528415280L, -1440633502L, 1605984232L, -1117040692L, 
-12797188L, 1207999986L, -946989952L, -94707468L, -123444600L, 
-157957318L, -1019572400L, 45363820L, 1971681428L, 303280466L, 
-944879904L, 1901711052L, 561500320L, -483907710L, -1519290648L, 
1735515884L, -1716953028L, 1140870770L, 788601968L, -308587996L, 
-544636872L, -1338386406L, 217843408L, -1070429124L, -862915436L, 
1019385986L, -364261440L, -1465808580L, -2017526128L, 1330235426L, 
-956901368L, 1266547852L, 1362142236L, 1443316370L, -1650876288L, 
968533012L, 2136510760L, 1857075770L, -1056283440L, 1495350380L, 
-1010508108L, -1182361582L, -1255116832L, -414729268L, -1952475680L, 
-1456752094L, -748911320L, -2020418292L, -854346180L, 1200326898L, 
-730093840L, -1816694972L, 541746776L, 1562323514L, 1996214000L, 
97474748L, 1103038996L, 1802767554L, -1072960416L, 649969020L, 
123734224L, -467272670L, -1734486360L, 583125900L, 1769342396L, 
823227442L, -96538816L, -1250736972L, -1536884920L, -821779782L, 
-582815984L, 785478892L, 284793940L, -724001006L, 744165280L, 
-240954420L, 1824885600L, 1512367298L, 667876904L, 623263148L, 
-463037636L, 926426994L, 1608949552L, -96016860L, -1685234632L, 
1403271386L, 1026485648L, -1349911812L, -1247501420L, -746123454L, 
-1315129856L, -1738023364L, 1884668496L, -1921691998L, -396905100L, 
1187044098L, -861926505L, -312631967L, -1070973530L, -1500577884L, 
-1461622187L, 1564359423L, 1664171928L, 571396278L, 175224131L, 
-726584187L, 655363362L, 1829672464L, -1656883783L, 835257963L, 
681310556L, -85651318L, -1560643457L, -1093191223L, -1711326626L, 
252670220L, -1823267619L, -1777896985L, -1043076592L, 370100014L, 
-1645196325L, -1223668547L, -162263510L, -1272683832L, 552294385L, 
-1395779229L, 1102448996L, 2139196562L, 727146855L, 1683092273L, 
-603342730L, 808542612L, 976815525L, -1320550737L, 1594795880L, 
-1206138042L, 1951378163L, 588268629L, -1091680206L, 1911178752L, 
1513875177L, 1294333275L, -167372884L, 1425046458L, 1300612463L, 
23154425L, -1848289394L, -502361508L, 494760141L, 950091831L, 
1574329024L, 1973427614L, 306359915L, 757229037L, -1873972134L, 
1452704536L, 383903873L, 834866739L, 220877908L, -1981280158L, 
2529015L, -1507890879L, 151375814L, 1903244548L, 1945873589L, 
1118604191L, 1178657784L, 1910521302L, -1850866589L, 980627493L, 
-850638910L, 1640619184L, 1383176409L, -1618457013L, -3693380L, 
1027480298L, -1171498209L, -438496343L, 427775294L, -1470424020L, 
1380342397L, 1844286663L, 1632661936L, -1606231090L, -1097070341L, 
839864157L, -481153910L, -542467416L, -1434737135L, 160757507L, 
-128429564L, 1678367282L, 824117895L, -1510953263L, -1725450154L, 
726255668L, 601238341L, -915727985L, 875958536L, 1597868838L, 
226526163L, 1146877237L, 53859474L, 1891994720L, -1309726263L, 
-29687557L, 140623564L, 1391801178L, -18475441L, 1201599257L, 
-1985663698L, -1841563844L, 1415845037L, -1471436969L, 91679392L, 
1997587454L, 415494859L, 763176141L, 1508861946L, 1625177144L, 
-1174376991L, -942410093L, -1470163788L, -1410064958L, 1143352791L, 
313586209L, 2017436134L, -1157842716L, -839071723L, -2089158593L, 
488576984L, -522642954L, 1487026691L, -1116738235L, -103605918L, 
798986960L, -1532228103L, -905632469L, -498448740L, 323798218L, 
2011311551L, -968961783L, -2075545058L, -1445625908L, -1644413539L, 
